400.47939397365593    0.051852578494488766
401.4935835830177    0.060737185958368745
402.50777319237943    0.07465094794119898
403.5219628017412    0.0885647099240292
404.53615241110293    0.1062503377960724
405.5503420204647    0.12645054292759084
406.56453162982643    0.15167990257805974
407.5787212391882    0.1743946849690532
408.59291084854993    0.20339591050873485
409.6071004579117    0.24119815645657972
410.62129006727343    0.2865441341828504
411.6354796766352    0.3394338436875465
412.64966928599694    0.40280095844005603
413.1567640906778    0.4665453758746201
413.6638588953587    0.5643413603645775
414.5935327039403    0.6493897383920845
415.1851433094013    0.721942141822788
415.6922381140822    0.7756282502194509
416.70642772344394    0.831451633193535
417.7206173328057    0.8780548995495432
418.73480694216744    0.9095707023487001
419.7489965515292    0.9360573506289065
420.76318616089094    0.9612867102793753
421.7773757702527    0.9777150495216809
422.79156537961444    0.9941433887639863
423.8057549889762    0.9954842644494406
424.81994459833794    0.9955678515051571
425.8341342076997    0.9742775318553345
426.84832381706144    0.9290987282404972
427.8625134264232    0.8851772132553974
428.87670303578494    0.8425129869000354
429.8908926451467    0.8061352036933613
430.90508225450844    0.771014709116425
431.9192718638702    0.7421806576881765
432.93346147323194    0.7271767811870419
433.9476510825937    0.7172020592048576
434.96184069195544    0.7109992031118861
435.9760303013172    0.70731092427839
436.99021991067895    0.7048799340746315
438.0044095200407    0.7049635211303481
439.01859912940245    0.7012752422968519
440.0327887387642    0.6975869634633556
441.04697834812595    0.6913841073703842
442.0611679574877    0.6851812512774128
443.07535756684945    0.6777211065547039
444.0895471762112    0.6677463845725196
445.10373678557295    0.65525708533086
446.1179263949347    0.641510497459463
447.13211600429645    0.6214774664393778
448.1463056136582    0.6001871467895552
449.16049522301995    0.573867672620782
450.17468483238173    0.5450336211925336
451.18887444174345    0.5149422811345475
452.20306405110523    0.4873655183360368
453.21725366046695    0.46481791005647655
454.23144326982873    0.4435275904066538
455.24563287919045    0.4272664252757815
456.25982248855223    0.4084906828854339
457.27401209791395    0.39474409501403684
458.28820170727573    0.3809975071426398
459.30239131663745    0.36725091927124276
460.31658092599923    0.35601890865932095
461.33077053536095    0.3422723207879239
462.34496014472273    0.3322975988057395
463.35914975408446    0.3198082995640801
464.37333936344623    0.3085762889521583
465.38752897280796    0.29734427834023647
466.40171858216974    0.2898841336175274
467.41590819153146    0.2811667002650807
468.43009780089324    0.27244926691263405
469.44428741025496    0.26247454493044986
470.45847701961674    0.2537571115780032
471.47266662897846    0.24755425548503185
472.48685623834024    0.23883682213258517
473.50104584770196    0.23263396603961373
474.5152354570637    0.22517382131690478
475.52942506642546    0.2177136765941956
476.54361467578724    0.21025353187148665
477.55780428514896    0.20530796440825272
478.5719938945107    0.1991051083152815
479.58618350387246    0.19415954085204756
480.60037311323424    0.18795668475907634
481.61456272259596    0.1817538286661049
482.6287523319577    0.17680826120287096
483.64294194131946    0.17186269373963725
484.65713155068124    0.16691712627640332
485.67132116004296    0.1607142701834321
486.6855107694047    0.15702599134993567
487.69970037876647    0.15208042388670195
488.71388998812824    0.14713485642346824
489.72807959748997    0.1421892889602343
490.7422692068517    0.1372437214970006
491.75645881621347    0.13229815403376666
492.77064842557525    0.12986716383000796
493.78483803493697    0.12492159636677425
494.7990276442987    0.11997602890354053
495.81321725366047    0.11754503869978206
496.82740686302225    0.11259947123654812
497.84159647238397    0.1089111924030517
498.8557860817457    0.10522291356955571
499.86997569110747    0.1015346347360595
500.6306178981288    0.09933420549431937
