347.6009979005438    0.001341615877480884
355.16536512091636    0.0015752461322081635
362.72973234128904    0.0029770276605719515
370.2940995616617    0.008000078137208988
375.9673749769412    0.016761212689482774
379.74955858712747    0.0254639396780747
382.2710143272517    0.035977301140803275
384.7924700673759    0.04806766682294111
387.31392580750014    0.06007042115955619
389.83538154762437    0.0731245116424441
392.3568372877485    0.08468920925144552
393.86971073182303    0.0978309110798562
396.13902089793487    0.1118487263634943
398.6604766380591    0.1328754492889514
401.6862235262081    0.14773433348960774
403.70338811830743    0.15857477730895453
404.9641159883696    0.16791998749804654
406.22484385843165    0.17352711361150175
407.4855717284938    0.18281391623691196
410.00702746861805    0.19472905922800432
412.52848320874216    0.20559286607282384
415.0499389488664    0.21663189560868878
417.8865766565061    0.22486736208782618
421.353578299177    0.23450461009532733
426.93680172373774    0.244216953541848
434.59122093482904    0.2492233161431473
442.1555881552017    0.24513478668541955
449.08959144054324    0.23646710423503667
454.7628668558227    0.22732047976246283
459.17541440104014    0.21838412251914358
462.9575980112264    0.2082912955149242
466.7397816214127    0.19833864666354112
471.1523291666301    0.18842104235036722
474.9345127768164    0.179134239724957
479.97742425706485    0.16862087826222844
483.75960786725113    0.15863318487263633
487.5417914774375    0.14934638224722613
491.3239750876238    0.13953391154867945
495.4213406653256    0.1304223316143147
500.14907017805854    0.12236208782622282
505.191981658307    0.11167350367244883
509.6045292035243    0.10297077668385685
514.0170767487417    0.0945016799499922
518.429624293959    0.08591576808876389
523.4725357742075    0.0772247226129083
529.145811189487    0.06821827629317079
534.8190866047664    0.059702453508360676
541.7530898901081    0.050170339115486795
548.6870931754496    0.04246054070948585
555.6210964607911    0.03521800281293952
563.1854636811638    0.02879317080793875
570.7498309015365    0.023069229567119875
578.314198121909    0.01874706985466479
585.8785653422817    0.015008985779028039
593.4429325626544    0.01185497734020946
601.007299783027    0.009285044538209108
608.5716670033996    0.007532817627754318
616.1360342237723    0.005780590717299583
623.7004014441449    0.0042619940615721275
630.0040407944555    0.003736325988435707
